
OCV Curves Fitting with (SLSQP) Results  for DESC Model with 1-RC


True and Simulated Output Voltage RMSE=15.052481mV with Estimated OCV at Temperature -5°C
True and Simulated Output Voltage RMSE=14.274968mV with Estimated OCV at Temperature 05°C
True and Simulated Output Voltage RMSE=13.794803mV with Estimated OCV at Temperature 15°C
True and Simulated Output Voltage RMSE=12.435877mV with Estimated OCV at Temperature 25°C
True and Simulated Output Voltage RMSE=9.302734mV with Estimated OCV at Temperature 35°C
True and Simulated Output Voltage RMSE=7.799410mV with Estimated OCV at Temperature 45°C

Temperature Values(°C):[-5, 5, 15, 25, 35, 45]

OCV Values at Temperature -05°C:[2.875142666666668, 2.9733212368323354, 3.026472804461884, 3.067348877156889, 3.100204659105243, 3.1287704028505314, 3.153651009089187, 3.1754891363787663, 3.194632923794862, 3.211733475261635, 3.225595946427266, 3.2339521301982, 3.2352011445013398, 3.2358881274629403, 3.2358967065096267, 3.236635249598898, 3.237268328818019, 3.2378180518110344, 3.2387255339613996, 3.2400267248938674, 3.241103109537108, 3.242535861217824, 3.244363661784487, 3.2462932370841524, 3.248472809938817, 3.2509199651428977, 3.253185120803064, 3.2562624563952687, 3.2591229880776558, 3.2615085518656066, 3.26443911301949, 3.2670563849221197, 3.2698568958329477, 3.271959735730098, 3.2744481448494174, 3.276928147520535, 3.2779974089836172, 3.2779974089836172, 3.2779974089836172, 3.2779974089836172, 3.2779974089836172, 3.2779974089836172, 3.2779974089836172, 3.2779974089836172, 3.2779974089836172, 3.2779974089836172, 3.2779974089836172, 3.2779974089836172, 3.2779974089836172, 3.2779974089836172, 3.2779974089836172, 3.2779974089836172, 3.2779974089836172, 3.2779974089836172, 3.2779974089836172, 3.2779974089836172, 3.2779974089836172, 3.2779974089836172, 3.2779974089836172, 3.2779974089836172, 3.2779974089836172, 3.2779974089836172, 3.2779974089836172, 3.2779974089836172, 3.2779974089836172, 3.2779974089836172, 3.2779974089836172, 3.2779974089836172, 3.2779974089836172, 3.2779974089836172, 3.2779974089836172, 3.2779974089836172, 3.2779974089836172, 3.2779974089836172, 3.2779974089836172, 3.2779974089836172, 3.2779974089836172, 3.2779974089836172, 3.2779974089836172, 3.2779974089836172, 3.2779974089836172, 3.2779974089836172, 3.2779974089836172, 3.2779974089836172, 3.2779974089836172, 3.2779974089836172, 3.2779974089836172, 3.2779974089836172, 3.2779974089836172, 3.2779974089836172, 3.2779974089836172, 3.2779974089836172, 3.2779974089836172, 3.2779974089836172, 3.2779974089836172, 3.2779974089836172, 3.2779974089836172, 3.2779974089836172, 3.2779974089836172, 3.2779974089836172, 3.2779974089836172, 3.2779974089836172, 3.2779974089836172, 3.2779974089836172, 3.2779974089836172, 3.2779974089836172, 3.2779974089836172, 3.2779974089836172, 3.2779974089836172, 3.2779974089836172, 3.2779974089836172, 3.2779974089836172, 3.2779974089836172, 3.2779974089836172, 3.2779974089836172, 3.2779974089836172, 3.2779974089836172, 3.2779974089836172, 3.2779974089836172, 3.2779974089836172, 3.2779974089836172, 3.2779974089836172, 3.2796537087020017, 3.2796537087020017, 3.2796537087020017, 3.2796537087020017, 3.2841791059812846, 3.2841791059812846, 3.2841791059812846, 3.2841791059812846, 3.2841791059812846, 3.287320397046731, 3.287320397046731, 3.287320397046731, 3.287320397046731, 3.290086466871171, 3.290086466871171, 3.290086466871171, 3.290086466871171, 3.294235793575947, 3.294235793575947, 3.294235793575947, 3.294235793575947, 3.2944392649957144, 3.2976070290870974, 3.2976070290870974, 3.2976070290870974, 3.2976070290870974, 3.300578126766693, 3.300578126766693, 3.300578126766693, 3.300578126766693, 3.304694095562785, 3.304694095562785, 3.304694095562785, 3.304694095562785, 3.304694095562785, 3.307339068115274, 3.307339068115274, 3.307339068115274, 3.307339068115274, 3.309837529090386, 3.309837529090386, 3.309837529090386, 3.309837529090386, 3.313038291017784, 3.313038291017784, 3.313038291017784, 3.313038291017784, 3.313038291017784, 3.314588607328522, 3.314588607328522, 3.314588607328522, 3.314588607328522, 3.315870960687018, 3.315870960687018, 3.315870960687018, 3.315870960687018, 3.320447879882936, 3.320447879882936, 3.320447879882936, 3.320447879882936, 3.320447879882936, 3.3264327046552755, 3.3264327046552755, 3.3264327046552755, 3.3264327046552755, 3.3264327046552755, 3.3264327046552755, 3.3264327046552755, 3.3264327046552755, 3.3264327046552755, 3.3264327046552755, 3.3264327046552755, 3.3264327046552755, 3.3264327046552755, 3.3264327046552755, 3.3264327046552755, 3.3264327046552755, 3.3264327046552755, 3.6083056382434107]

OCV Values at Temperature +05°C:[2.8709595238095247, 2.9656039364824354, 3.018677308852843, 3.059613339292349, 3.0926769546723154, 3.1213827734800126, 3.1463541582078234, 3.1683464652725637, 3.187699361079775, 3.2050305812506554, 3.207754979329129, 3.207754979329129, 3.207754979329129, 3.207754979329129, 3.207754979329129, 3.207754979329129, 3.207754979329129, 3.207754979329129, 3.207754979329129, 3.2077596100417525, 3.207765211496858, 3.207783940294359, 3.2078062297256187, 3.2078310850296607, 3.207859095916231, 3.207884547720019, 3.2079482145953255, 3.208032627994262, 3.2081136350772588, 3.208185226194589, 3.210092263349329, 3.210092263349329, 3.210092263349329, 3.210092263349329, 3.210092263349329, 3.210092263349329, 3.220408114394677, 3.220408114394677, 3.220408114394677, 3.220408114394677, 3.2306893566777655, 3.2306893566777655, 3.2306893566777655, 3.2306893566777655, 3.238948541551457, 3.238948541551457, 3.238948541551457, 3.238948541551457, 3.238948541551457, 3.2479469216514953, 3.2479469216514953, 3.2479469216514953, 3.2479469216514953, 3.2539962603638366, 3.2539962603638366, 3.2539962603638366, 3.2539962603638366, 3.2589560648038907, 3.2589560648038907, 3.2589560648038907, 3.2589560648038907, 3.2589560648038907, 3.264015916898149, 3.264015916898149, 3.264015916898149, 3.264015916898149, 3.268073046294697, 3.268073046294697, 3.268073046294697, 3.268073046294697, 3.271479070436598, 3.271479070436598, 3.271479070436598, 3.271479070436598, 3.274024947385004, 3.274024947385004, 3.274024947385004, 3.274024947385004, 3.274024947385004, 3.277386774193677, 3.277386774193677, 3.277386774193677, 3.277386774193677, 3.2796005118482747, 3.2796005118482747, 3.2796005118482747, 3.2796005118482747, 3.2812642174399396, 3.2812642174399396, 3.2812642174399396, 3.2812642174399396, 3.2812642174399396, 3.2834780094150577, 3.2834780094150577, 3.2834780094150577, 3.2834780094150577, 3.2850117282553697, 3.2850117282553697, 3.2850117282553697, 3.2850117282553697, 3.2861517560487656, 3.2861517560487656, 3.2861517560487656, 3.2861517560487656, 3.2861517560487656, 3.288105692135444, 3.288105692135444, 3.288105692135444, 3.288105692135444, 3.2894615378216474, 3.2894615378216474, 3.2894615378216474, 3.2894615378216474, 3.2910040918820935, 3.2911718481182217, 3.2911718481182217, 3.2911718481182217, 3.2911971480927593, 3.2936906266354544, 3.2936906266354544, 3.2936906266354544, 3.2936906266354544, 3.2962292117386314, 3.2962292117386314, 3.2962292117386314, 3.2962292117386314, 3.2990929384000425, 3.2990929384000425, 3.2990929384000425, 3.2990929384000425, 3.3020476781248327, 3.3039886101023197, 3.3039886101023197, 3.3039886101023197, 3.3041365944349543, 3.308421235956708, 3.308421235956708, 3.308421235956708, 3.308421235956708, 3.3120426474731572, 3.3120426474731572, 3.3120426474731572, 3.3120426474731572, 3.3157606140659257, 3.3157606140659257, 3.3157606140659257, 3.3157606140659257, 3.319323672782938, 3.319323672782938, 3.319323672782938, 3.319323672782938, 3.320063061079464, 3.3227449858877853, 3.3227449858877853, 3.3227449858877853, 3.3227449858877853, 3.3250444990528876, 3.3250444990528876, 3.3250444990528876, 3.3250444990528876, 3.3270965624086757, 3.3270965624086757, 3.3270965624086757, 3.3270965624086757, 3.327126882014576, 3.329114142031456, 3.329114142031456, 3.329114142031456, 3.329114142031456, 3.3305575873622884, 3.3305575873622884, 3.3305575873622884, 3.3305575873622884, 3.3306986425275116, 3.3306986425275116, 3.3306986425275116, 3.3306986425275116, 3.3306986425275116, 3.3405387494346552, 3.3405387494346552, 3.3405387494346552, 3.3405387494346552, 3.361277394331703, 3.361277394331703, 3.361277394331703, 3.361277394331703, 3.361277394331703, 3.361277394331703, 3.361277394331703, 3.361277394331703, 3.361277394331703, 3.361277394331703, 3.361277394331703, 3.361277394331703, 3.361277394331703, 3.361277394331703, 3.361277394331703, 3.361277394331703, 3.361277394331703, 3.361277394331703, 3.6062576759965816]

OCV Values at Temperature +15°C:[2.866776380952382, 2.957886636132535, 3.0108818132438024, 3.0518778014278096, 3.085149250239388, 3.1139951441094933, 3.139057307326459, 3.161203794166361, 3.1807657983646878, 3.198327687239676, 3.2098502895899927, 3.2098502895899927, 3.2098560850024245, 3.209857874917683, 3.2098589254180414, 3.209859615121067, 3.209860099887197, 3.2098605502426483, 3.2098611058750506, 3.2098618794041647, 3.209862555870362, 3.2098635710789765, 3.209864680131388, 3.2098660046774885, 3.209867493325255, 3.209869242340732, 3.210029307127423, 3.210029307127423, 3.2197991271873905, 3.2197991271873905, 3.2197991271873905, 3.2197991271873905, 3.2197991271873905, 3.2197991271873905, 3.2197991271873905, 3.2197991271873905, 3.242227457349618, 3.242227457349618, 3.242227457349618, 3.242227457349618, 3.242227457349618, 3.242227457349618, 3.242227457349618, 3.242227457349618, 3.242227457349618, 3.26003439736827, 3.26003439736827, 3.26003439736827, 3.26003439736827, 3.26003439736827, 3.26003439736827, 3.26003439736827, 3.26003439736827, 3.2709649927008404, 3.2711543060499193, 3.2711543060499193, 3.2711543060499193, 3.2711543060499193, 3.2711543060499193, 3.2711543060499193, 3.2711543060499193, 3.2711543060499193, 3.2806839465722857, 3.2806839465722857, 3.2806839465722857, 3.2806839465722857, 3.280683946572286, 3.2806839465722857, 3.2806839465722857, 3.2806839465722857, 3.282744708923757, 3.2876157575473197, 3.2876157575473197, 3.2876157575473197, 3.2876157575473197, 3.2876157575473197, 3.2876157575473197, 3.2876157575473197, 3.2876157575473197, 3.2921640732344857, 3.2921640732344857, 3.2921640732344857, 3.2921640732344857, 3.2921640732344857, 3.2921640732344857, 3.2921640732344857, 3.2921640732344857, 3.2921640732344857, 3.2963272289232957, 3.2963272289232957, 3.2963272289232957, 3.2963272289232957, 3.2963272289232957, 3.2963272289232957, 3.2963272289232957, 3.2963272289232957, 3.298157640032364, 3.298157640032364, 3.298157640032364, 3.298157640032364, 3.298157640032364, 3.298157640032364, 3.298157640032364, 3.298157640032364, 3.298157640032364, 3.3017515472123997, 3.3017515472123997, 3.3017515472123997, 3.3017515472123997, 3.3017515472123997, 3.3017515472123997, 3.3017515472123997, 3.3017515472123997, 3.302308282978267, 3.304893464398516, 3.304893464398516, 3.304893464398516, 3.304893464398516, 3.304893464398516, 3.304893464398516, 3.304893464398516, 3.304893464398516, 3.3099257429746025, 3.3101634874844974, 3.3101634874844974, 3.3101634874844974, 3.3101634874844974, 3.3101634874844974, 3.3101634874844974, 3.3101634874844974, 3.314668824837533, 3.318055650765165, 3.318055650765165, 3.318055650765165, 3.318055650765165, 3.318055650765165, 3.318055650765165, 3.318055650765165, 3.318055650765165, 3.3259124407294416, 3.3259124407294416, 3.3259124407294416, 3.3259124407294416, 3.3259124407294416, 3.3259124407294416, 3.3259124407294416, 3.3259124407294416, 3.3319956385563123, 3.3319956385563123, 3.3319956385563123, 3.3319956385563123, 3.3319956385563123, 3.3319956385563123, 3.3319956385563123, 3.3319956385563123, 3.3319956385563123, 3.3371954173413507, 3.3371954173413507, 3.3371954173413507, 3.3371954173413507, 3.3371954173413507, 3.3371954173413507, 3.3371954173413507, 3.3371954173413507, 3.3371954173413507, 3.3401772350734302, 3.3401772350734302, 3.3401772350734302, 3.3401772350734302, 3.3401772350734302, 3.3401772350734302, 3.3401772350734302, 3.3401772350734302, 3.3422983861302744, 3.3430358394604105, 3.3430358394604105, 3.3430358394604105, 3.3430358394604105, 3.3430358394604105, 3.3430358394604105, 3.3430358394604105, 3.3430358394604105, 3.348465664298848, 3.348465664298848, 3.348465664298848, 3.348465664298848, 3.348465664298848, 3.348465664298848, 3.348465664298848, 3.348465664298848, 3.348465664298848, 3.348465664298848, 3.348465664298848, 3.348465664298848, 3.348465664298848, 3.348465664298848, 3.348465664298848, 3.348465664298848, 3.348465664298848, 3.348465664298848, 3.660899670499697]

OCV Values at Temperature +25°C:[2.862593238095239, 2.950169335782635, 3.0030863176347617, 3.0441422635632702, 3.07762154580646, 3.1066075147389745, 3.131760456445095, 3.1467144198806363, 3.1480959588688235, 3.1687105015673582, 3.1687105015673582, 3.183677486095588, 3.1936556632611737, 3.1936556632611737, 3.1936556632611737, 3.1936556632611737, 3.1936556632611737, 3.1936556632611737, 3.1936556632611737, 3.1936556632611737, 3.1936556632611737, 3.1936556632611737, 3.2151438684532, 3.2151438684532, 3.2151438684532, 3.2151438684532, 3.2151438684532, 3.2151438684532, 3.2151438684532, 3.2151438684532, 3.2151438684532, 3.2151438684532, 3.2151438684532, 3.2418108862421633, 3.2418108862421633, 3.2418108862421633, 3.2418108862421633, 3.2418108862421633, 3.2418108862421633, 3.2418108862421633, 3.2418108862421633, 3.2418108862421633, 3.2418108862421633, 3.2602043842701605, 3.2643757398643785, 3.2643757398643785, 3.2643757398643785, 3.2643757398643785, 3.2643757398643785, 3.2643757398643785, 3.2643757398643785, 3.2643757398643785, 3.2643757398643785, 3.2643757398643785, 3.2781181532245838, 3.2781181532245838, 3.2781181532245838, 3.2781181532245838, 3.2781181532245838, 3.2781181532245838, 3.2781181532245838, 3.2781181532245838, 3.2781181532245838, 3.2781181532245838, 3.2781181532245838, 3.2903185350231827, 3.2903185350231827, 3.2903185350231827, 3.2903185350231827, 3.2903185350231827, 3.2903185350231827, 3.2903185350231827, 3.2903185350231827, 3.2903185350231827, 3.2903185350231827, 3.2961662713665043, 3.2961662713665043, 3.2961662713665043, 3.2961662713665043, 3.2961662713665043, 3.2961662713665043, 3.2961662713665043, 3.2961662713665043, 3.2961662713665043, 3.2961662713665043, 3.2961662713665043, 3.30052052225864, 3.30052052225864, 3.30052052225864, 3.30052052225864, 3.30052052225864, 3.30052052225864, 3.30052052225864, 3.30052052225864, 3.30052052225864, 3.30052052225864, 3.30052052225864, 3.3039808065862113, 3.3039808065862113, 3.3039808065862113, 3.3039808065862113, 3.3039808065862113, 3.3039808065862113, 3.3039808065862113, 3.3039808065862113, 3.3039808065862113, 3.3039808065862113, 3.304068015608335, 3.3070030963959933, 3.3070030963959933, 3.3070030963959933, 3.3070030963959933, 3.3070030963959933, 3.3070030963959933, 3.3070030963959933, 3.3070030963959933, 3.3070030963959933, 3.3070030963959933, 3.3097456559554876, 3.3129383387947944, 3.3129383387947944, 3.3129383387947944, 3.3129383387947944, 3.3129383387947944, 3.3129383387947944, 3.3129383387947944, 3.3129383387947944, 3.3129383387947944, 3.314498465819879, 3.3226553728224872, 3.3226553728224872, 3.3226553728224872, 3.3226553728224872, 3.3226553728224872, 3.3226553728224872, 3.3226553728224872, 3.3226553728224872, 3.3226553728224872, 3.3226553728224872, 3.332672590907754, 3.332672590907754, 3.332672590907754, 3.332672590907754, 3.332672590907754, 3.332672590907754, 3.332672590907754, 3.332672590907754, 3.332672590907754, 3.332672590907754, 3.332672590907754, 3.339530095207897, 3.339530095207897, 3.339530095207897, 3.339530095207897, 3.339530095207897, 3.339530095207897, 3.339530095207897, 3.339530095207897, 3.339530095207897, 3.339530095207897, 3.341968110524176, 3.341968110524176, 3.341968110524176, 3.341968110524176, 3.341968110524176, 3.341968110524176, 3.341968110524176, 3.341968110524176, 3.341968110524176, 3.341968110524176, 3.341968110524176, 3.343684620561971, 3.343684620561971, 3.343684620561971, 3.343684620561971, 3.343684620561971, 3.343684620561971, 3.343684620561971, 3.343684620561971, 3.343684620561971, 3.343684620561971, 3.343684620561971, 3.3446754467162982, 3.3455118350600532, 3.3455118350600532, 3.3455118350600532, 3.3455118350600532, 3.3455118350600532, 3.3455118350600532, 3.3455118350600532, 3.3455118350600532, 3.3455118350600532, 3.3455118350600532, 3.3455118350600532, 3.3455118350600532, 3.3455118350600532, 3.3455118350600532, 3.3455118350600532, 3.3455118350600532, 3.3455118350600532, 3.6248445570563965]

OCV Values at Temperature +35°C:[2.858410095238096, 2.9424520354327344, 2.995290822025721, 3.061640681950673, 3.061640681950673, 3.0934863825014522, 3.1152322991101435, 3.1221008922919653, 3.128384858050842, 3.14973283328567, 3.1716627596572735, 3.1991496527959247, 3.1991496527959247, 3.1991496527959247, 3.1991496527959247, 3.1991496527959247, 3.1991496527959247, 3.1991496527959247, 3.1991496527959247, 3.1991496527959247, 3.1991496527959247, 3.1991496527959247, 3.214699309127032, 3.2167418881202976, 3.2167418881202976, 3.2167418881202976, 3.2167418881202976, 3.2167418881202976, 3.2167418881202976, 3.2167418881202976, 3.2167418881202976, 3.2174822936960115, 3.228472880947777, 3.2453547717066513, 3.2453547717066513, 3.2453547717066513, 3.2453547717066513, 3.2453547717066513, 3.2453547717066513, 3.2453547717066513, 3.2453547717066513, 3.2453547717066513, 3.2453547717066513, 3.2588612079805306, 3.2637678624124895, 3.2637678624124895, 3.2637678624124895, 3.2637678624124895, 3.2637678624124895, 3.2637678624124895, 3.2637678624124895, 3.2637678624124895, 3.2637678624124895, 3.2637678624124895, 3.2768442436959377, 3.2792583764151915, 3.2792583764151915, 3.2792583764151915, 3.2792583764151915, 3.2792583764151915, 3.2792583764151915, 3.2792583764151915, 3.2792583764151915, 3.2792583764151915, 3.2869576175072988, 3.2902954345405253, 3.2902954345405253, 3.2902954345405253, 3.2902954345405253, 3.2902954345405253, 3.2902954345405253, 3.2902954345405253, 3.2902954345405253, 3.2902954345405253, 3.2902954345405253, 3.2963556730984362, 3.2963556730984362, 3.2963556730984362, 3.2963556730984362, 3.2963556730984362, 3.2963556730984362, 3.2963556730984362, 3.2963556730984362, 3.2963556730984362, 3.2963556730984362, 3.2963556730984362, 3.299863297666372, 3.299863297666372, 3.299863297666372, 3.299863297666372, 3.299863297666372, 3.299863297666372, 3.299863297666372, 3.299863297666372, 3.299863297666372, 3.299863297666372, 3.299863297666372, 3.302383847743189, 3.302383847743189, 3.302383847743189, 3.302383847743189, 3.302383847743189, 3.302383847743189, 3.302383847743189, 3.302383847743189, 3.302383847743189, 3.302383847743189, 3.302383847743189, 3.3061504195940414, 3.3061504195940414, 3.3061504195940414, 3.3061504195940414, 3.3061504195940414, 3.3061504195940414, 3.3061504195940414, 3.3061504195940414, 3.3061504195940414, 3.3061504195940414, 3.3061772061150623, 3.313343395482317, 3.313343395482317, 3.313343395482317, 3.313343395482317, 3.313343395482317, 3.313343395482317, 3.313343395482317, 3.313343395482317, 3.313343395482317, 3.318119001292133, 3.323330189514591, 3.323330189514591, 3.323330189514591, 3.323330189514591, 3.323330189514591, 3.323330189514591, 3.323330189514591, 3.323330189514591, 3.323330189514591, 3.323330189514591, 3.332993431484513, 3.332993431484513, 3.332993431484513, 3.332993431484513, 3.332993431484513, 3.332993431484513, 3.332993431484513, 3.332993431484513, 3.332993431484513, 3.332993431484513, 3.332993431484513, 3.3378512992020415, 3.3378512992020415, 3.3378512992020415, 3.3378512992020415, 3.3378512992020415, 3.3378512992020415, 3.3378512992020415, 3.3378512992020415, 3.3378512992020415, 3.3378512992020415, 3.3378512992020415, 3.33990130083526, 3.33990130083526, 3.33990130083526, 3.33990130083526, 3.33990130083526, 3.33990130083526, 3.33990130083526, 3.33990130083526, 3.33990130083526, 3.33990130083526, 3.33990130083526, 3.340883201682858, 3.340883201682858, 3.340883201682858, 3.340883201682858, 3.340883201682858, 3.340883201682858, 3.340883201682858, 3.340883201682858, 3.340883201682858, 3.340883201682858, 3.340883201682858, 3.3439274802909953, 3.3439274802909953, 3.3439274802909953, 3.3439274802909953, 3.3439274802909953, 3.3439274802909953, 3.3439274802909953, 3.3439274802909953, 3.3439274802909953, 3.3439274802909953, 3.3439274802909953, 3.3439274802909953, 3.3439274802909953, 3.3439274802909953, 3.3439274802909953, 3.351252693433011, 3.356183783261861, 3.6328615292505755]

OCV Values at Temperature +45°C:[2.8542269523809534, 2.953778756192858, 3.0257885428420805, 3.032304701877818, 3.06732790063469, 3.0901410267846283, 3.122620942438141, 3.1326619986854105, 3.1464836850178806, 3.149064883477574, 3.172823700496883, 3.1805103101411025, 3.2025720309831214, 3.2025720309831214, 3.2025720309831214, 3.2025720309831214, 3.2025720309831214, 3.2025720309831214, 3.2025720309831214, 3.2025720309831214, 3.2025720309831214, 3.2025720309831214, 3.2025720309831214, 3.2197853814086725, 3.2197853814086725, 3.2197853814086725, 3.2197853814086725, 3.2207565467064505, 3.2207565467064505, 3.2207565467064505, 3.2207565467064505, 3.2207565467064505, 3.221767890195507, 3.236271718385291, 3.2464409626771475, 3.2464409626771475, 3.2464409626771475, 3.2464409626771475, 3.2464409626771475, 3.2464409626771475, 3.2464409626771475, 3.2464409626771475, 3.2464409626771475, 3.2464409626771475, 3.263113557902842, 3.2642789700199955, 3.2642789700199955, 3.2642789700199955, 3.2642789700199955, 3.2642789700199955, 3.2642789700199955, 3.2642789700199955, 3.2642789700199955, 3.2642789700199955, 3.2685040017064324, 3.2814323068253324, 3.2814323068253324, 3.2814323068253324, 3.2814323068253324, 3.2814323068253324, 3.2814323068253324, 3.2814323068253324, 3.2814323068253324, 3.2814323068253324, 3.2814323068253324, 3.2913711919486546, 3.292650300860284, 3.292650300860284, 3.292650300860284, 3.292650300860284, 3.292650300860284, 3.292650300860284, 3.292650300860284, 3.292650300860284, 3.292650300860284, 3.2955999370551607, 3.2996684011909037, 3.2996684011909037, 3.2996684011909037, 3.2996684011909037, 3.2996684011909037, 3.2996684011909037, 3.2996684011909037, 3.2996684011909037, 3.2996684011909037, 3.2996684011909037, 3.299981745239161, 3.301967822781168, 3.301967822781168, 3.301967822781168, 3.301967822781168, 3.301967822781168, 3.301967822781168, 3.301967822781168, 3.301967822781168, 3.301967822781168, 3.301967822781168, 3.3021051423710728, 3.302972628667673, 3.302972628667673, 3.302972628667673, 3.302972628667673, 3.302972628667673, 3.302972628667673, 3.302972628667673, 3.302972628667673, 3.302972628667673, 3.302972628667673, 3.306363869573151, 3.306363869573151, 3.306363869573151, 3.306363869573151, 3.306363869573151, 3.306363869573151, 3.306363869573151, 3.306363869573151, 3.306363869573151, 3.306363869573151, 3.306363869573151, 3.314884399704353, 3.314884399704353, 3.314884399704353, 3.314884399704353, 3.314884399704353, 3.314884399704353, 3.314884399704353, 3.314884399704353, 3.314884399704353, 3.3166140465900913, 3.325736592234279, 3.325736592234279, 3.325736592234279, 3.325736592234279, 3.325736592234279, 3.325736592234279, 3.325736592234279, 3.325736592234279, 3.325736592234279, 3.325736592234279, 3.3337116518443257, 3.3337116518443257, 3.3337116518443257, 3.3337116518443257, 3.3337116518443257, 3.3337116518443257, 3.3337116518443257, 3.3337116518443257, 3.3337116518443257, 3.3337116518443257, 3.3337116518443257, 3.3370174053281336, 3.3370174053281336, 3.3370174053281336, 3.3370174053281336, 3.3370174053281336, 3.3370174053281336, 3.3370174053281336, 3.3370174053281336, 3.3370174053281336, 3.3370174053281336, 3.3370174053281336, 3.3392352033365382, 3.3392352033365382, 3.3392352033365382, 3.3392352033365382, 3.3392352033365382, 3.3392352033365382, 3.3392352033365382, 3.3392352033365382, 3.3392352033365382, 3.3392352033365382, 3.3392352033365382, 3.340280454914029, 3.340280454914029, 3.340280454914029, 3.340280454914029, 3.340280454914029, 3.340280454914029, 3.340280454914029, 3.340280454914029, 3.340280454914029, 3.340280454914029, 3.340280454914029, 3.3438436747910227, 3.3438436747910227, 3.3438436747910227, 3.3438436747910227, 3.3438436747910227, 3.3438436747910227, 3.3438436747910227, 3.3438436747910227, 3.3438436747910227, 3.3438436747910227, 3.3438436747910227, 3.3438436747910227, 3.3438436747910227, 3.3438436747910227, 3.3438436747910227, 3.3511261865674915, 3.3580957120160897, 3.581388200467836]


True and Simulated Output Voltage RMSE=17.959789mV with Estimated OCV0 and OCVrel at Temperature -5°C
True and Simulated Output Voltage RMSE=18.098583mV with Estimated OCV0 and OCVrel at Temperature 05°C
True and Simulated Output Voltage RMSE=16.010084mV with Estimated OCV0 and OCVrel at Temperature 15°C
True and Simulated Output Voltage RMSE=14.194955mV with Estimated OCV0 and OCVrel at Temperature 25°C
True and Simulated Output Voltage RMSE=10.758139mV with Estimated OCV0 and OCVrel at Temperature 35°C
True and Simulated Output Voltage RMSE=10.425189mV with Estimated OCV0 and OCVrel at Temperature 45°C

Temperature Values(°C):[-5, 5, 15, 25, 35, 45]

OCV0 Values:[2.873051095238097, 2.9671954412871453, 3.018016340416246, 3.0629283853325124, 3.0959141833986417, 3.1253052273709865, 3.1493972341845033, 3.1720782195903876, 3.1901357380514357, 3.2095106634987673, 3.2163488967507536, 3.220722353741915, 3.219755133727346, 3.2200663123338664, 3.2200704284431616, 3.2204046856313666, 3.220691187106721, 3.2209399721116863, 3.221350624106961, 3.22194099684529, 3.2224299779802026, 3.223084686880657, 3.226198757318759, 3.2250214253858536, 3.226017226150542, 3.227133269132371, 3.2282153318982614, 3.2295203847560683, 3.2330284016872017, 3.2341317899214195, 3.236102280148112, 3.237282758363227, 3.238376921992039, 3.2404418439152383, 3.240356928482091, 3.241478834452358, 3.250469961980155, 3.250469961980155, 3.250469961980155, 3.250469961980155, 3.2539460010377703, 3.2539460010377703, 3.2539460010377703, 3.2558962106490563, 3.2571372666948886, 3.260983889923211, 3.260983889923211, 3.260983889923211, 3.260983889923211, 3.264026199385605, 3.264026199385605, 3.264026199385605, 3.264026199385605, 3.26851782333421, 3.2695000664830056, 3.267949486670188, 3.267949486670188, 3.2696263729332538, 3.2696263729332538, 3.2696263729332538, 3.2696263729332538, 3.2696263729332538, 3.2734699091391755, 3.2734699091391755, 3.273433246086356, 3.273570383401839, 3.2747898046607165, 3.274789804660716, 3.274789804660716, 3.274789804660716, 3.2764025834444976, 3.2774927705173904, 3.2774927705173904, 3.2774927705173904, 3.278353519390423, 3.2786139803069307, 3.27812963933839, 3.27812963933839, 3.27812963933839, 3.280284213341783, 3.280284213341783, 3.280284213341783, 3.280284213341783, 3.2810326675011945, 3.2810326675011945, 3.2810326675011945, 3.2814555558095027, 3.2817816089450176, 3.282713362837275, 3.282713362837275, 3.282713362837275, 3.282713362837275, 3.283461835362196, 3.283461835362196, 3.283461835362196, 3.283461835362196, 3.2843900418373786, 3.2847406751693295, 3.2846374029911627, 3.2846374029911627, 3.285022840959406, 3.285022840959406, 3.285022840959406, 3.285022840959406, 3.285022840959406, 3.286487808100434, 3.286487808100434, 3.2864973595647613, 3.2863971655820396, 3.2868555705521367, 3.2868555705521367, 3.2868555705521367, 3.2868555705521367, 3.287501703501125, 3.2881370093083477, 3.2881370093083477, 3.2881370093083477, 3.288145563109263, 3.28928884434678, 3.2885900455975263, 3.2885900455975263, 3.2885900455975263, 3.291323879448232, 3.2913770889337797, 3.2913770889337797, 3.2913770889337797, 3.2943925048123135, 3.2943925048123135, 3.294334724543855, 3.294117267552107, 3.2961245883904535, 3.29895987239149, 3.29895987239149, 3.29895987239149, 3.2990099051896666, 3.3017098393866493, 3.3017098393866493, 3.3017098393866493, 3.3017098393866493, 3.306671418751804, 3.306671418751804, 3.306671418751804, 3.306671418751804, 3.308020492146873, 3.309453528283451, 3.309453528283451, 3.309453528283451, 3.312019659077598, 3.3133637270755103, 3.3133637270755103, 3.313698112285466, 3.3139480959476244, 3.316716827838194, 3.316716827838194, 3.316716827838194, 3.316716827838194, 3.3186580423030465, 3.319854577505363, 3.319854577505363, 3.319854577505363, 3.320815391079341, 3.3216718617497802, 3.3216718617497802, 3.3216718617497802, 3.321682112664156, 3.3244693187484846, 3.3244693187484846, 3.3244693187484846, 3.3244693187484846, 3.32495734074129, 3.325658674310433, 3.325846673028858, 3.32571756259893, 3.326239986486561, 3.326985147798816, 3.326985147798816, 3.326985147798816, 3.326985147798816, 3.3323825521512895, 3.3323825521512895, 3.3323825521512895, 3.3323825521512895, 3.3407179548019874, 3.343078290562681, 3.343078290562681, 3.343078290562681, 3.343078290562681, 3.343078290562681, 3.343078290562681, 3.343078290562681, 3.343078290562681, 3.343078290562681, 3.343078290562681, 3.343078290562681, 3.343078290562681, 3.343078290562681, 3.343078290562681, 3.343078290562681, 3.3421764429076632, 3.341323256116978, 3.624283206731991]

OCVrel Values:[-0.00041831428571431005, -0.000499672590561137, -0.00023250361196980424, -0.0005053553893855261, -0.0007572008998589417, -0.0008120676646735006, -0.0007308936040846927, -0.001049605090555157, -0.0012895986927645108, -0.0014538668242502412, -0.0011807933619717881, -0.0009119939525128966, -0.000586177054091331, -0.0005959962104435065, -0.0005961217696829149, -0.0006066743558240059, -0.0006157197297146735, -0.0006235742020590331, -0.0006365398202996899, -0.000655170164097755, -0.0006705970328055124, -0.0006912283471046479, -0.0005228563642308234, -0.00028722572951367495, -0.0003186068311731028, -0.0003537893467366616, -0.0003871517573465084, -0.0004179634478291973, -0.00048743630417459567, -0.0005221294250081494, -0.0005803406171042687, -0.0006113838822071472, -0.000542738383217314, -0.0001446880074208609, -3.4961790670335356e-05, -7.039040025773381e-05, -0.0002381680877253939, -0.0002381680877253939, -0.0002381680877253939, -0.0002381680877253939, -0.00032629302158043776, -0.00032629302158043776, -0.00032629302158043776, -0.00015797071629575972, 6.339139912563887e-05, 2.9163172174545998e-05, 2.9163172174545998e-05, 2.9163172174545998e-05, 2.9163172174545998e-05, -4.79658001114931e-05, -4.79658001114931e-05, -4.79658001114931e-05, -4.79658001114931e-05, -0.00013104754716747837, 8.011645938581626e-05, 0.000285499098677993, 0.000285499098677993, 0.0002429864891918147, 0.0002429864891918147, 0.0002429864891918147, 0.0002429864891918147, 0.0002429864891918147, 0.0001723887840342518, 0.0001723887840342518, 0.00023838227910945515, 0.00044383444629485876, 0.00042733203591914564, 0.00042733203591914564, 0.00042733203591914564, 0.00042733203591914564, 0.00039224965084151735, 0.0003783323690599171, 0.0003783323690599171, 0.0003783323690599171, 0.0003565105666449996, 0.00046730094662054343, 0.0005254218628454421, 0.0005254218628454421, 0.0005254218628454421, 0.0004836110168077684, 0.0004836110168077684, 0.0004836110168077684, 0.0004836110168077684, 0.00046463612262549357, 0.00046463612262549357, 0.00046463612262549357, 0.0005116185364461568, 0.000525730739117706, 0.0005138360085782592, 0.0005138360085782592, 0.0005138360085782592, 0.0005138360085782592, 0.0004948606487915405, 0.0004948606487915405, 0.0004948606487915405, 0.0004948606487915405, 0.00047648474127722585, 0.0005099376912987739, 0.0005223303526787778, 0.0005223303526787778, 0.0005125586858782407, 0.0005125586858782407, 0.0005125586858782407, 0.0005125586858782407, 0.0005125586858782407, 0.00048554235604947446, 0.00048554235604947446, 0.0004857915246841162, 0.0005749086700201257, 0.0005632871355669462, 0.0005632871355669462, 0.0005632871355669462, 0.0005632871355669462, 0.0005484745700035139, 0.0005396504267788411, 0.0005396504267788411, 0.0005396504267788411, 0.0005394335698542292, 0.0005261263798384443, 0.0007183946701158064, 0.0007183946701158064, 0.0007183946701158064, 0.0006585960058942538, 0.0006579167358659868, 0.0006579167358659868, 0.0006579167358659868, 0.0005687219747784319, 0.0005687219747784319, 0.0006388224858733774, 0.0008371173427045672, 0.0007989186097691155, 0.0007277298178053295, 0.0007277298178053295, 0.0007277298178053295, 0.0007264613806684486, 0.0006502205987042833, 0.0006502205987042833, 0.0006502205987042833, 0.0006502205987042833, 0.0007628336958693274, 0.0007628336958693274, 0.0007628336958693274, 0.0007628336958693274, 0.0007280586762203497, 0.0006828049034863112, 0.0006828049034863112, 0.0006828049034863112, 0.0006348838349779948, 0.0005924395824123432, 0.0005924395824123432, 0.0007008963677602451, 0.0006945587537900281, 0.000612771272631679, 0.000612771272631679, 0.000612771272631679, 0.000612771272631679, 0.0005782046489735402, 0.0005404193267951327, 0.0005404193267951327, 0.0005404193267951327, 0.0005297959703634556, 0.0005433579419809445, 0.0005433579419809445, 0.0005433579419809445, 0.0005430980596446547, 0.0004718197527311937, 0.0004718197527311937, 0.0004718197527311937, 0.0004718197527311937, 0.00045944736418119934, 0.000437299988313515, 0.00044220430270722053, 0.0004655527610793551, 0.0004582832852150307, 0.0004378569420075643, 0.0004378569420075643, 0.0004378569420075643, 0.0004378569420075643, 0.0002881286085760718, 0.0002881286085760718, 0.0002881286085760718, 0.0002881286085760718, 9.76859417896273e-05, 9.15750837651623e-05, 9.15750837651623e-05, 9.15750837651623e-05, 9.15750837651623e-05, 9.15750837651623e-05, 9.15750837651623e-05, 9.15750837651623e-05, 9.15750837651623e-05, 9.15750837651623e-05, 9.15750837651623e-05, 9.15750837651623e-05, 9.15750837651623e-05, 9.15750837651623e-05, 9.15750837651623e-05, 9.15750837651623e-05, 0.0002583985075034257, 0.00040022964101639447, -0.0002595164073120145]

Start Time =19/05/2021 15:56:32
Stop Time =20/05/2021 10:08:13

