
OCV Curves Fitting with (NLSQ) Results  for DESC Model with 1-RC


True and SImulated Output Voltage RMSE=15.233213mV with Estimated OCV Curve at Temperature -5°C
True and SImulated Output Voltage RMSE=15.367963mV with Estimated OCV Curve at Temperature 05°C
True and SImulated Output Voltage RMSE=16.059977mV with Estimated OCV Curve at Temperature 15°C
True and SImulated Output Voltage RMSE=14.974373mV with Estimated OCV Curve at Temperature 25°C
True and SImulated Output Voltage RMSE=11.868415mV with Estimated OCV Curve at Temperature 35°C
True and SImulated Output Voltage RMSE=9.500560mV with Estimated OCV Curve at Temperature 45°C

Temperature Values(°C):[-5, 5, 15, 25, 35, 45]

OCV Values at Temperature -05°C:[2.880871482527604, 2.9554028686180045, 3.015440772189818, 3.0637895501456756, 3.1026941258958383, 3.1339519133272726, 3.1590038540929157, 3.1790079693710873, 3.1948983710136, 3.207432267670921, 3.217227135855686, 3.224789900861396, 3.2305396849557186, 3.234825427374337, 3.2379394595075386, 3.2401279265586846, 3.2415987812331615, 3.2425279331757864, 3.2430640175216365, 3.243332144791271, 3.2434369103046317, 3.2434648722960464, 3.2434866521040107, 3.243558765433718, 3.243725259129616, 3.244019201662669, 3.24446405627568, 3.2450749522111737, 3.2458598605664344, 3.246820676097627, 3.2479542038658495, 3.249253049231659, 3.2507064107188395, 3.2523007771419628, 3.2540205326813028, 3.255848475937709, 3.2577662611352327, 3.259754771362403, 3.2617944349231345, 3.2638654964314346, 3.265948254212154, 3.2680232748834595, 3.2700715947562538, 3.2720749159765985, 3.2740158032683357, 3.2758778848256918, 3.2776460584868556, 3.2793067019208393, 3.2808478833053063, 3.282259566974707, 3.2835338068809956, 3.284664919515295, 3.285649627245532, 3.286487162880725, 3.2871793266852607, 3.287730488034768, 3.288147525386122, 3.288439700190415, 3.288618462708758, 3.2886971903337097, 3.2886908618271633, 3.288615673779864, 3.2884886084130756, 3.2883269644849435, 3.2881478653673923, 3.2879677602519832, 3.287801935767767, 3.2876640560082664, 3.2875657489471504, 3.2875162565045226, 3.287522163972164, 3.287587222308919, 3.2877122737685704, 3.287895287824538, 3.288131510163874, 3.2884137230835395, 3.2887326108531245, 3.2890772189016166, 3.2894354910296384, 3.289794864684466, 3.2901429005738074, 3.2904679201302343, 3.2907596223016755, 3.2910096503884048, 3.291212080116944, 3.2913638017750055, 3.291464772579075, 3.291518119607878, 3.291530079690016, 3.2915097691288073, 3.29146878404823, 3.291420640415029, 3.29138007124706, 3.2913622073157005, 3.2913816751132337, 3.2914516533736284, 3.2915829347722045, 3.2917830429825727, 3.292055457694766, 3.2923989978663566, 3.292807411381799, 3.2932692115934143, 3.2937677921799007, 3.294281840241208, 3.294786052283314, 3.2952521424724943, 3.2956501146727186, 3.295949752257062, 3.2961222634312617, 3.2961420026876898, 3.295988179173669, 3.29564645162329, 3.2951103075555124, 3.2943821252221204, 3.293473826885185, 3.292407045379041, 3.2912127486483223, 3.289930295945918, 3.2886059301725874, 3.2872907516854006, 3.286038251268418, 3.2849015265607644, 3.2839303307985372, 3.283168138470235, 3.282649426066898, 3.282397371572953, 3.282422172138519, 3.2827201462672324, 3.2832737507790393, 3.2840525839689803, 3.285015369688499, 3.2861128429249757, 3.287291365896913, 3.2884970251275925, 3.2896798920836305, 3.290798070067049, 3.291821144420261, 3.292732651753587, 3.2935312557294156, 3.2942304025140667, 3.294856376378141, 3.2954448447985296, 3.296036164432002, 3.296669909791544, 3.2973792327799547, 3.298185785467251, 3.2990959368141928, 3.300098956714876, 3.301167667582771, 3.3022617248448554, 3.30333337184712, 3.3043350240038785, 3.30522767073751, 3.3059887409383317, 3.306617915585452, 3.3071394953789213, 3.307600289584668, 3.30806268275178, 3.308593461033377, 3.309249992263328, 3.3100662518105763, 3.3110418228472818, 3.3121369196840043, 3.3132758315888546, 3.3143595261247634, 3.3152861908734486, 3.31597603149286, 3.3163949249311844, 3.3165705558163743, 3.3165956019148894, 3.316614725662215, 3.316795853644356, 3.317289886174184, 3.318186155748722, 3.3194727866971903, 3.32101263979052, 3.3225474551182113, 3.323745632754023, 3.3243068063132686, 3.3241192774351873, 3.3234210025842805, 3.322848502406883, 3.3232223147661655, 3.3250153431799907, 3.3277614011473857, 3.3300412346313486, 3.3305927300375298, 3.329920075774328, 3.330159733035076, 3.331942429663976, 3.332611438277657, 3.3317046665485526, 3.3332175080529765, 3.332286247357506, 3.331785469648047, 3.3301056290186817, 3.3271746167345766, 3.319521132657662, 3.325951132385244, 3.2610136373424736, 3.6144661042306594]

OCV Values at Temperature +05°C:[2.880432453417395, 2.9504768584917294, 3.0099660547099707, 3.0590475690351084, 3.0985745074946154, 3.129781237915033, 3.1540505899427855, 3.1727539628311416, 3.187148530822649, 3.19831823331167, 3.2071474529999437, 3.2143182401531964, 3.2203236544998486, 3.22549128738603, 3.2300123140040142, 3.2339725266805246, 3.2373827324939453, 3.2402066783086223, 3.2423853093405217, 3.2438566884928934, 3.2445713170142474, 3.2445029158066063, 3.243654963391318, 3.242063452724109, 3.239796435497834, 3.23695097919315, 3.2336481780073507, 3.2300268421525624, 3.2262364482913304, 3.222429873696103, 3.2187563639280174, 3.215355103524187, 3.212349675737824, 3.2098436144737357, 3.207917172238736, 3.2066253545964285, 3.205997206134539, 3.2060362766296153, 3.2067221497828475, 3.2080128809991173, 3.209848165220527, 3.212153040489131, 3.2148419271172797, 3.2178228052433293, 3.2210013441440544, 3.224284813791887, 3.227585631546426, 3.2308244232462737, 3.2339325070069136, 3.2368537384456006, 3.239545686625472, 3.241980139607048, 3.2441429660599956, 3.246033384116579, 3.2476627097112676, 3.2490526736234258, 3.250233408760856, 3.251241216876916, 3.2521162267460673, 3.252900053929042, 3.2536335661216755, 3.2543548479320696, 3.2550974453945707, 3.255888954275971, 3.256749998157225, 3.2576936226429676, 3.258725112420197, 3.25984221848595, 3.261035764567202, 3.2622905855850384, 3.2635867372744127, 3.264900905216111, 3.2662079346121677, 3.2674823982372603, 3.2687001208581137, 3.2698395820096042, 3.2708831268538834, 3.2718179263189535, 3.2726366403434226, 3.2733377547253584, 3.2739255791853217, 3.2744099109549523, 3.2748053876400234, 3.275130567784327, 3.275406793147813, 3.275656898441564, 3.2759038430094556, 3.2761693433909835, 3.2764725867021602, 3.276829101605079, 3.277249854729428, 3.277740628496062, 3.27830172256799, 3.2789280007381887, 3.279609285716162, 3.2803310840794264, 3.281075600906582, 3.2818229869130033, 3.2825527410853605, 3.2832451828198175, 3.2838828966632496, 3.284452051711063, 3.284943502674915, 3.285353588570749, 3.2856845619365345, 3.285944606808938, 3.2861474215512323, 3.2863113856309956, 3.286458348598569, 3.286612115664097, 3.286796730243137, 3.2870346783761795, 3.287345146525983, 3.287742480349082, 3.288234977619475, 3.2888241361211064, 3.289504443758261, 3.2902637694709, 3.291084352211007, 3.291944344068295, 3.2928198075225303, 3.293687004843575, 3.2945247974010115, 3.2953169148982036, 3.2960538689530288, 3.29673428211646, 3.297365436750214, 3.297962920861542, 3.298549311153033, 3.2991519401832914, 3.2997999244625595, 3.300520683555238, 3.3013363288342945, 3.302260337520349, 3.3032949496428214, 3.3044297267326965, 3.3056415942954653, 3.306896544380083, 3.308153028028522, 3.30936676579179, 3.3104964916140123, 3.311509947651372, 3.312389217881355, 3.313134489082574, 3.3137654112026285, 3.3143193578983228, 3.314846501190439, 3.3154018409780748, 3.3160353605939195, 3.316781545347953, 3.3176505140888666, 3.3186226299104664, 3.319648699729292, 3.320656788204032, 3.3215655688878116, 3.322302706621799, 3.322824778835365, 3.3231341172111217, 3.3232871196964804, 3.323389494838482, 3.3235758711838352, 3.3239754899552834, 3.3246701498439277, 3.3256562126811198, 3.326824551929071, 3.327972348590455, 3.328853731749633, 3.3292635228903955, 3.329132880297948, 3.3285995910289046, 3.328010358782783, 3.327824806739368, 3.328425574719834, 3.3298944264249073, 3.3318679326842, 3.33360609658076, 3.3343522565673216, 3.3339104173265977, 3.3331580940611523, 3.3340604262022984, 3.338847119967532, 3.3484794943122473, 3.36127192337215, 3.372999770850953, 3.3792554564985187, 3.378885009952439, 3.3753105360332825, 3.373279990052295, 3.3735902811506047, 3.3728255816813837, 3.369686562851891, 3.367004905374583, 3.3644550700885256, 3.3598869338394617, 3.3551922038075968, 3.3491570860448965, 3.34201788938215, 3.3317150876085972, 3.337909772265848, 3.306161770767313, 3.612730518937015]

OCV Values at Temperature +15°C:[2.8736672609474634, 2.951806965047968, 3.011297792744007, 3.056900010832298, 3.092264368900753, 3.1201360154254827, 3.14253262456771, 3.160898166883741, 3.1762339638821016, 3.189208811232689, 3.200250045643416, 3.2096174728152262, 3.21746207495365, 3.2238713821729412, 3.2289033285185234, 3.2326103256121455, 3.2350551800595255, 3.236320359328221, 3.236511978986617, 3.235759745784361, 3.234213949452645, 3.232040454328847, 3.229414502607682, 3.2265140064672586, 3.223512878435569, 3.2205748297308805, 3.217847956181987, 3.215460331654038, 3.213516740324464, 3.2120966020497983, 3.2112530795659016, 3.211013302269646, 3.211379598531364, 3.21233159639427, 3.2138290304808272, 3.2158150801645755, 3.2182200596881505, 3.220965283938398, 3.223966942993143, 3.2271398332573176, 3.2304008119261463, 3.233671863568045, 3.236882691765517, 3.2399727739819935, 3.24289284320118, 3.245605784555172, 3.2480869583518124, 3.250323981969499, 3.2523160214615805, 3.2540726589658715, 3.255612413846706, 3.25696100371183, 3.2581494359843184, 3.2592120216173566, 3.2601843999859987, 3.261101658221937, 3.261996619650113, 3.262898364945373, 3.263831036672055, 3.264812963507168, 3.265856125293839, 3.2669659646498257, 3.2681415358107246, 3.2693759671931026, 3.270657201428212, 3.271968965681177, 3.273291916451245, 3.2746048969139476, 3.2758862415409182, 3.2771150622161698, 3.2782724524480438, 3.279342551415695, 3.2803134171657184, 3.2811776681780698, 3.281932864196711, 3.2825816101151597, 3.283131380544809, 3.283594076494514, 3.2839853391525593, 3.2843236581064796, 3.284629322056274, 3.284923268748577, 3.285225896610892, 3.2855559036164252, 3.285929218454406, 3.286358085417763, 3.2868503573749916, 3.2874090411510815, 3.2880321267002026, 3.2887127166063497, 3.2894394555614728, 3.2901972428940987, 3.2909681929359116, 3.291732793275606, 3.292471196163818, 3.2931645673175316, 3.2937964098867, 3.2943537776879137, 3.294828294935376, 3.295216907188195, 3.2955223003484035, 3.295752943985633, 3.2959227350404205, 3.296050245486242, 3.2961576034065736, 3.2962690647067387, 3.296409358883124, 3.296601915469796, 3.2968670935952007, 3.2972205490826583, 3.2976718728777543, 3.298223628122488, 3.298870891501222, 3.2996013783305935, 3.3003961866096487, 3.3012311556559446, 3.302078774460847, 3.3029105285930087, 3.3036995195425876, 3.3044231483150965, 3.305065622182737, 3.3056200366099397, 3.3060897777761795, 3.3064890399690112, 3.306842298002301, 3.3071826565042794, 3.307549110780899, 3.3079828560133318, 3.3085229204228743, 3.3092015031235595, 3.3100394879610255, 3.3110426863507683, 3.312199335633238, 3.3134793598120402, 3.3148357529090497, 3.3162082557138093, 3.3175292442551574, 3.318731430909478, 3.3197566637747538, 3.320564822152244, 3.321141561033306, 3.321503573026605, 3.3217001101637216, 3.3218097828185646, 3.321932192986738, 3.322174658058014, 3.3226352306267626, 3.3233840687857055, 3.324446166188064, 3.3257888812637253, 3.327317836338539, 3.3288840553715495, 3.3303037850731507, 3.3313902034803404, 3.3319933224263965, 3.3320413956055353, 3.3315746065641836, 3.3307604796586037, 3.32988157127124, 3.3292897766720952, 3.329328816544331, 3.33023618199383, 3.33204636513249, 3.3345258231019095, 3.337172459012043, 3.339304747651549, 3.3402445882950715, 3.339564770714981, 3.3373326101260714, 3.3342484827079573, 3.3315726674689947, 3.3307741738984458, 3.3329340247101595, 3.3380794328205132, 3.3447646480980384, 3.350262296599907, 3.351579852412578, 3.3471185372945396, 3.3382295164459164, 3.3295066369520403, 3.326870489830316, 3.3337333937188185, 3.347504143120878, 3.359950508610222, 3.3632140905988352, 3.3577127458413227, 3.352843244192765, 3.3555550259028974, 3.359139561975785, 3.354098198195137, 3.34979377023879, 3.354689975993678, 3.3471396584748674, 3.347189870444932, 3.343001657403147, 3.339280732192139, 3.334523014222424, 3.32790128477888, 3.3416782733366395, 3.3258332445139094, 3.655472712123053]

OCV Values at Temperature +25°C:[2.8740396931002503, 2.945757488345536, 3.005069360490205, 3.0526088479035147, 3.0895588534879908, 3.117386664321192, 3.137653709636873, 3.1518846344603717, 3.161482684497952, 3.167680534485564, 3.1715175692988984, 3.1738362660749555, 3.1752917469124275, 3.1763697950445184, 3.1774096714501936, 3.178628951498359, 3.180148339269131, 3.1820150265732647, 3.184223659333142, 3.186734369862511, 3.189487642681475, 3.192416015855731, 3.1954527905253123, 3.1985380384165234, 3.2016222699158057, 3.204668162030193, 3.207650753696517, 3.2105565020188296, 3.213381562891911, 3.2161296181190124, 3.218809522837538, 3.221432995423567, 3.224012520016956, 3.2265595817571273, 3.2290833085765476, 3.2315895522970015, 3.2340804067102074, 3.236554131805839, 3.239005431507623, 3.2414260170729556, 3.2438053793457, 3.2461316897896384, 3.248392751957108, 3.250576931000265, 3.252673998122206, 3.254675838634501, 3.2565769856341995, 3.2583749554341446, 3.2600703749550997, 3.261666904649463, 3.2631709725784073, 3.264591345509144, 3.265938570986188, 3.267224330017164, 3.2684607431819845, 3.269659673638462, 3.2708320687548413, 3.271987378190125, 3.2731330804509544, 3.2742743426460943, 3.2754138298371727, 3.276551671309509, 3.277685582072738, 3.2788111289877833, 3.2799221229722915, 3.2810111117043927, 3.2820699420498407, 3.2830903576439066, 3.2840645953207703, 3.284985944585025, 3.2858492363510283, 3.286651231548722, 3.287390885832345, 3.2880694740670906, 3.2886905663633614, 3.2892598559729227, 3.2897848490855703, 3.290274433745798, 3.2907383543990054, 3.291186623492942, 3.29162890702961, 3.292073923438982, 3.292528895201507, 3.292999090825173, 3.2934874900793267, 3.2939945988567296, 3.294518431581471, 3.2950546679884454, 3.295596980545799, 3.296137517967619, 3.2966675158922762, 3.297178000273669, 3.2976605349503854, 3.2981079647996596, 3.2985150968822854, 3.298879268188638, 3.299200749112817, 3.2994829411820894, 3.2997323415506874, 3.2999582579272784, 3.3001722797036623, 3.300387525916417, 3.300617714957024, 3.3008761114393352, 3.3011744323377705, 3.301521793258041, 3.301923790623374, 3.3023818113223546, 3.302892650721026, 3.3034485058597656, 3.304037388503896, 3.3046439625404394, 3.305250783427802, 3.305839876648427, 3.3063945437731532, 3.3069012579202735, 3.307351487664984, 3.3077432434224323, 3.3080821852611435, 3.3083820863920215, 3.3086645449345116, 3.308957839929172, 3.3092949267748795, 3.3097106481863854, 3.3102383395496817, 3.310906080933598, 3.311732955166824, 3.312725732464623, 3.313876408748046, 3.315161030103944, 3.3165401614134438, 3.31796121638504, 3.319362698414404, 3.320680167411296, 3.321853488122327, 3.322834645077268, 3.3235952268761477, 3.324132459928556, 3.324472701161824, 3.3246713992682597, 3.324808773898524, 3.324981035091059, 3.325287559058831, 3.3258151682965376, 3.326621526997691, 3.327720212296123, 3.329070560645653, 3.3305752057055305, 3.3320877168844456, 3.333431535538896, 3.3344292644592275, 3.3349393375256677, 3.3348941715522824, 3.3343320493114756, 3.3334135212696503, 3.332413847258973, 3.331685760358868, 3.3315923159714993, 3.3324170651948104, 3.3342681645592784, 3.3370004356989393, 3.340184647230699, 3.343149779270502, 3.3451131031226584, 3.345389603858255, 3.3436418757255324, 3.3401002645415305, 3.33566135151839, 3.3317776029344466, 3.330093797304463, 3.3318714368749514, 3.3373568475623823, 3.3453526325819665, 3.3532842932127247, 3.3579462544901206, 3.356837118824173, 3.3496039708628356, 3.338799304761429, 3.32918934179787, 3.3254751039406685, 3.3294183985266916, 3.33835403582624, 3.3468178180283825, 3.3507990735412005, 3.3510249416896976, 3.351197838839922, 3.3523206120958235, 3.3512837357840857, 3.3481061262491623, 3.3485375914551496, 3.3501870666680027, 3.3446538699594193, 3.3461564498344516, 3.3426774689880148, 3.3408317211637018, 3.3378536121029443, 3.3348017004374357, 3.331118516449586, 3.344921113947471, 3.3440062204646472, 3.6243503999876903]

OCV Values at Temperature +35°C:[2.8719968635539335, 2.9480671255694175, 3.0021160920518755, 3.0415068835132786, 3.0712684706637234, 3.0947237616186754, 3.113980309641209, 3.130307534149777, 3.1444211358893774, 3.156692490152789, 3.167298200460138, 3.1763226701634277, 3.183824482386256, 3.189875551280166, 3.194580401962052, 3.198081535362647, 3.200555620765005, 3.202204216813586, 3.2032418356050396, 3.2038834191463392, 3.2043326786692496, 3.204772241403193, 3.2053561435303766, 3.206204890014321, 3.207403060393212, 3.2089992638136366, 3.211008126666193, 3.213413923061379, 3.216175423707874, 3.219231534944599, 3.222507319899388, 3.225920031903742, 3.2293848410062256, 3.2328199930037833, 3.236151202833794, 3.239315147051152, 3.2422619806708837, 3.2449568596696223, 3.2473805002222296, 3.249528848087194, 3.2514119656991998, 3.2530522700910143, 3.2544822717570843, 3.255741973261826, 3.2568760873309213, 3.257931228118444, 3.2589532172207214, 3.2599846288596037, 3.261062677597414, 3.262217528168689, 3.2634710815804153, 3.264836265814913, 3.2663168341574464, 3.267907650461886, 3.269595419284409, 3.2713598006226796, 3.27317483428721, 3.2750105884579925, 3.2768349405408115, 3.278615396561995, 3.2803208574087535, 3.2819232465194252, 3.2833989232798646, 3.2847298191669454, 3.2859042489115797, 3.2869173658404516, 3.2877712485015516, 3.288474623691301, 3.289042248480452, 3.289493990326992, 3.289853657837703, 3.29014764709067, 3.290403476145162, 3.290648285683668, 3.2909073845705232, 3.2912029170383756, 3.291552720937666, 3.2919694378628477, 3.2924599220148347, 3.2930249801193323, 3.2936594568640163, 3.2943526629161397, 3.295089123227062, 3.295849606351286, 3.2966123794996083, 3.2973546193969, 3.298053900794376, 3.298689675505452, 3.299244655313117, 3.299706013665109, 3.3000663282213147, 3.3003242017098806, 3.30048451040591, 3.3005582545094456, 3.300562005585602, 3.300516969861218, 3.3004477146648687, 3.300380623478094, 3.3003421728958764, 3.300357135366325, 3.300446826778387, 3.3006275230131834, 3.3009091620477133, 3.3012944446665244, 3.3017784194069533, 3.3023486157020607, 3.302985756014601, 3.303665031972983, 3.3043578963928573, 3.3050342709625773, 3.305665041293463, 3.3062246611114534, 3.306693671556712, 3.3070609323836475, 3.307325347940525, 3.307496897650666, 3.307596818931207, 3.3076568312551053, 3.307717374971149, 3.3078248868993785, 3.308028275221219, 3.308374774103282, 3.308905513514057, 3.3096511548175553, 3.3106280019116654, 3.3118350321350083, 3.313252222403804, 3.314840518166536, 3.3165436502053485, 3.318291872718532, 3.3200074766550554, 3.3216117663934575, 3.3230329220731556, 3.3242140541279697, 3.3251205175634357, 3.325745581800896, 3.3261135200468526, 3.3262793370382857, 3.3263246944029197, 3.3263498466607957, 3.326462113901565, 3.3267617573445776, 3.3273268392813757, 3.3281990331182754, 3.3293726338187146, 3.330789139544171, 3.332339189623954, 3.3338732778226983, 3.3352210384239984, 3.3362178473035637, 3.336735527370249, 3.3367125710328387, 3.3361780018231615, 3.3352626425627214, 3.334192481523117, 3.3332606048136055, 3.332778261617098, 3.333010049869754, 3.3341035820712195, 3.336028956436247, 3.3385455877236656, 3.3412136957416463, 3.343461076893414, 3.34470487613712, 3.344511938660788, 3.342762857325045, 3.339770808867227, 3.336300491535176, 3.3334447077327973, 3.332348977058182, 3.333826976791159, 3.3379719191838677, 3.343916215617565, 3.3498987457368696, 3.353731285824144, 3.353608376345947, 3.349004623658162, 3.341235687065373, 3.3332475275418494, 3.3284609188848457, 3.329026291540523, 3.3344248979467723, 3.3415245522823698, 3.3465146542214796, 3.34765146460802, 3.346476164138419, 3.345871086478561, 3.3465836392050536, 3.346696981561908, 3.3454941581670647, 3.345167855868463, 3.345470346103033, 3.3435515507731948, 3.3432024747616653, 3.3415516077010277, 3.3400255624328534, 3.33853769199601, 3.3373439095029624, 3.3512499973148104, 3.357097153271617, 3.631424357301375]

OCV Values at Temperature +45°C:[2.878038863385125, 2.955349579372492, 3.0090524180058766, 3.0474213651604787, 3.076035305739529, 3.098514419019586, 3.117093715580243, 3.133062344545036, 3.147093401745999, 3.1594854604076654, 3.1703339013720604, 3.1796473155548046, 3.187421763551614, 3.193683482998553, 3.1985087109549237, 3.202027614436357, 3.2044178762230846, 3.20589224492958, 3.2066833085919266, 3.2070278711109164, 3.207152583073749, 3.2072618859740034, 3.207528855806411, 3.20808916353536, 3.2090380920986314, 3.210430349462727, 3.2122822828235553, 3.2145760193524726, 3.2172650238964366, 3.220280564678263, 3.2235386061704414, 3.2269466967060176, 3.2304104806971488, 3.2338395360609136, 3.237152311918276, 3.2402800159247023, 3.24316937152536, 3.2457842304889195, 3.248106083397043, 3.25013355902153, 3.2518810419567235, 3.2533765661178253, 3.254659159904626, 3.255775827346088, 3.2567783491307063, 3.2577200790357623, 3.258652896035149, 3.2596244515380812, 3.260675826138708, 3.261839682286373, 3.26313896979727, 3.264586211347682, 3.2661833663167643, 3.2679222445522043, 3.269785417842291, 3.2717475567974312, 3.273777105070903, 3.275838191838449, 3.2778926772656773, 3.2799022245271483, 3.2818302954292142, 3.283643974666856, 3.285315539551065, 3.286823707212304, 3.2881545088860005, 3.2893017603353814, 3.2902671176973115, 3.2910597282058873, 3.2916955047036653, 3.292196070380369, 3.2925874354135827, 3.2928984791190254, 3.2931593200113785, 3.293399660196921, 3.2936471912927927, 3.293926144972474, 3.294256063195405, 3.2946508519337248, 3.2951181673125007, 3.2956591651042175, 3.29626862685103, 3.2969354541872056, 3.2976435045614805, 3.298372721594122, 3.2991004976872644, 3.2998031912934276, 3.3004577131570856, 3.30104308708051, 3.3015418939865517, 3.301941509258638, 3.3022350531664566, 3.3024219916257045, 3.3025083381933693, 3.3025064356810008, 3.302434316257613, 3.302314668866607, 3.3021734647764838, 3.302038318662174, 3.301936684492922, 3.301893997430832, 3.301931887906855, 3.302066593282926, 3.3023076872381427, 3.3026572388863795, 3.3031094806554973, 3.3036510441641376, 3.304261787275005, 3.3049161827894373, 3.305585213791495, 3.3062386623852325, 3.3068476496063526, 3.307387248560992, 3.307838966903801, 3.308192894086716, 3.3084493055165662, 3.3086195355060424, 3.3087259930964295, 3.308801209764656, 3.308885926615458, 3.30902625741299, 3.309270110006955, 3.309663060434952, 3.310244027500503, 3.3110410875791865, 3.312067840521827, 3.313320747408169, 3.3147777760679635, 3.3163986627741235, 3.318126969050825, 3.3198939290687264, 3.321623938000112, 3.3232413064253103, 3.324677735113938, 3.3258798121530817, 3.3268156412290013, 3.3274798062313176, 3.3278957989879094, 3.328115313560522, 3.328213964020952, 3.328283533702202, 3.3284211362746663, 3.32871633500252, 3.329237615205183, 3.3300200493605696, 3.3310561266738814, 3.3322917685861158, 3.3336290278349017, 3.3349363281926494, 3.3360661022691955, 3.336878251760263, 3.3372665936776404, 3.33718422809802, 3.336662722758746, 3.335820174409699, 3.334853834281592, 3.3340149360991522, 3.33356671255509, 3.333730178049507, 3.3346266126251014, 3.336229258992115, 3.3383381768538887, 3.34059153424641, 3.3425208226296736, 3.3436491215384407, 3.3436184523766346, 3.3423192771066175, 3.339984446112846, 3.3372064473106096, 3.334846152162014, 3.333825272981299, 3.334832712544708, 3.338019462179071, 3.3427935679189646, 3.3478334989385665, 3.351399639035011, 3.351924920839478, 3.3487251213093967, 3.342535189052352, 3.335525485348573, 3.3305787389835144, 3.32994695533855, 3.333879726101774, 3.3401517518767485, 3.3452154714886637, 3.346681350832411, 3.34533598788427, 3.3443315360563957, 3.3453716978994863, 3.3462225611486383, 3.344671086080857, 3.3439352263039224, 3.345695541061429, 3.34310039053884, 3.343549271040395, 3.342141191830759, 3.341251727028517, 3.340337865378183, 3.3400812168047893, 3.3509633844454654, 3.3592895315084106, 3.5802646799924456]


True and Simulated Output Voltage RMSE=18.095734mV with Estimated OCV0 and OCVrel at Temperature -5°C
True and Simulated Output Voltage RMSE=16.624378mV with Estimated OCV0 and OCVrel at Temperature 05°C
True and Simulated Output Voltage RMSE=16.226357mV with Estimated OCV0 and OCVrel at Temperature 15°C
True and Simulated Output Voltage RMSE=15.379941mV with Estimated OCV0 and OCVrel at Temperature 25°C
True and Simulated Output Voltage RMSE=11.741092mV with Estimated OCV0 and OCVrel at Temperature 35°C
True and Simulated Output Voltage RMSE=11.898780mV with Estimated OCV0 and OCVrel at Temperature 45°C

Temperature Values(°C):[-5, 5, 15, 25, 35, 45]

OCV0 Values:[2.8787419085257726, 2.951917487861636, 3.012350610716596, 3.0614745126843133, 3.10085171355538, 3.132040959168264, 3.156508111914039, 3.175571346379111, 3.190372537147965, 3.201868082926792, 3.210833607493524, 3.2178780257891235, 3.2234633746233983, 3.2279275934613265, 3.231508112644721, 3.2343646748064483, 3.2366002903041253, 3.238279618910336, 3.239444386925538, 3.240125699999761, 3.2403533054161295, 3.2401620010370387, 3.2395954886505596, 3.2387080336607528, 3.23756432699684, 3.2362379543063406, 3.23480886696681, 3.2333602237152066, 3.2319749347768623, 3.230732195823214, 3.2297042499849793, 3.2289535651385073, 3.2285305629933556, 3.2284719879644763, 3.228799958870205, 3.22952170626584, 3.2306299634965367, 3.232103950832751, 3.233910869583262, 3.236007806876525, 3.2383439416746427, 3.24086293818324, 3.2435054136466257, 3.246211372968092, 3.2489225119827987, 3.251584303792091, 3.2541477975717625, 3.256571075920027, 3.258820334348056, 3.2608705642154323, 3.262705837608047, 3.2643192087510147, 3.265712261002163, 3.2668943408956657, 3.2678815307227906, 3.2686954185720176, 3.2693617294169504, 3.269908882774938, 3.270366541705138, 3.2707642146029574, 3.271129965714982, 3.2714892827511144, 3.2718641408617986, 3.272272291928496, 3.2727267971594887, 3.27323580958848, 3.2738026020437747, 3.274425825643881, 3.275099974347523, 3.2758160230678435, 3.2765622003894936, 3.2773248524132548, 3.278089351761816, 3.2788410054070596, 3.2795659167771753, 3.280251761128848, 3.2808884388163055, 3.2814685780928055, 3.2819878671367575, 3.282445204257821, 3.2828426645088378, 3.283185290204084, 3.2834807220675413, 3.283738695296822, 3.2839704316290717, 3.2841879635456377, 3.2844034297236226, 3.2846283818515496, 3.2848731415661487, 3.2851462434753347, 3.285453994237621, 3.285800170917205, 3.286185873701928, 3.286609538453402, 3.287067104559862, 3.2875523246708123, 3.2880571934662846, 3.2885724655364545, 3.289088226335587, 3.2895944775073653, 3.2900816965212925, 3.2905413327675057, 3.2909662075948565, 3.2913507918836684, 3.291691346345202, 3.291985919926991, 3.292234211609528, 3.292437318714322, 3.29259739952784, 3.292717290850228, 3.292800126419779, 3.292849004066535, 3.2928667461731616, 3.2928557936227945, 3.2928182583650334, 3.292756147325246, 3.2926717457049524, 3.29256813387863, 3.29244978339299, 3.292323164164592, 3.292197275977557, 3.2920840148629895, 3.291998279579092, 3.291957740737992, 3.2919822189181622, 3.2920926444263534, 3.2923096281612434, 3.2926517155635726, 3.293133448573708, 3.2937634165229923, 3.294542516558424, 3.2954626591362417, 3.2965061602181613, 3.29764602740351, 3.298847286846838, 3.3000693874863516, 3.301269610087154, 3.3024072296315614, 3.303448075302517, 3.3043689487864922, 3.3051612919427704, 3.3058334673621204, 3.306411056701209, 3.3069347550058104, 3.3074557319054314, 3.3080286404167167, 3.308702997288958, 3.3095139575184436, 3.3104740606026635, 3.31156753416879, 3.3127488945092787, 3.3139470052194366, 3.315075162734249, 3.316046533555061, 3.316792934173012, 3.3172836871631897, 3.3175400939482427, 3.3176408499695262, 3.317714389276911, 3.3179163345512452, 3.318393548407836, 3.3192408492639593, 3.3204606211938708, 3.321938939258637, 3.3234513875383147, 3.324707458948666, 3.3254321796127675, 3.3254691506090843, 3.324874077787356, 3.323957182707872, 3.323235466858315, 3.3232776312771923, 3.3244667108991766, 3.3267605949502532, 3.3295738952809177, 3.3319051614912025, 3.332757286615969, 3.3317419742419196, 3.32957204167217, 3.3280449121457854, 3.3292617941730294, 3.3342802195386696, 3.342002917401628, 3.3493742499390815, 3.3533067676285087, 3.353166316586747, 3.351362878472877, 3.3507382026002497, 3.3513039233635253, 3.350961217742418, 3.3495090181903935, 3.348470955294471, 3.347086067721835, 3.3446987488020463, 3.3419209150864155, 3.338074745805787, 3.3330518818475343, 3.324257098838161, 3.3324937203173155, 3.2877178637803492, 3.628130390756328]

OCVrel Values:[-0.00011170695185715117, -3.870034770552809e-05, -0.00017634311756514816, -0.00039644041262933605, -0.0006226220762485466, -0.0008145978615194545, -0.0009561155668541097, -0.0010459455502792238, -0.0010913094586342301, -0.001103255835828734, -0.0010935611610916357, -0.0010728024092644158, -0.001049307004007234, -0.001028738620928407, -0.0010141232455923004, -0.0010061597390830504, -0.001003693431507453, -0.0010042604527745887, -0.0010046351014528034, -0.0010013330067522661, -0.000991039594173097, -0.0009709468379816585, -0.0009389918661519994, -0.0008939990447768508, -0.0008357330542530332, -0.0007648744995398553, -0.0006829320679130605, -0.0005921064320064886, -0.0004951212415226342, -0.0003950358779489218, -0.00029505336368942686, -0.0001983350981018146, -0.00010783209376475739, -2.6140241292158306e-05, 4.461504590215044e-05, 0.00010286156980443816, 0.00014762920737632188, 0.00017856540748581839, 0.00019591937772045162, 0.0002004982800866696, 0.00019359973593832078, 0.00017692563199732424, 0.00015248262815103074, 0.00012247490834628344, 8.919461083847634e-05, 5.491505174098745e-05, 2.179134870492893e-05, -8.227604597603721e-06, -3.347263019422887e-05, -5.261088168235848e-05, -6.46841194917215e-05, -6.912805833475041e-05, -6.57730438560733e-05, -5.4827097733966735e-05, -3.684306371270468e-05, -1.2672170778302117e-05, 1.6593211736246837e-05, 4.9684532080417256e-05, 8.522645127920563e-05, 0.00012180736572848596, 0.0001580478468994655, 0.00019266401959057493, 0.0002245232445937991, 0.0002526899145839921, 0.0002764596897147797, 0.0002953810743789934, 0.00030926383854391556, 0.0003181743923831612, 0.0003224188122919081, 0.00032251475992552765, 0.00031915400799982177, 0.000313157685163505, 0.00030542664137039784, 0.000296889514543287, 0.00028845113985275194, 0.000280943886824971, 0.00027508432143857686, 0.0002714373058385583, 0.0002703892619285125, 0.000272131839048956, 0.0002766567125586573, 0.0002837616595966022, 0.00029306747614498167, 0.00030404473982343624, 0.00031604891009113416, 0.00032836178256307196, 0.0003402370012893934, 0.0003509470301254751, 0.00035982894617465433, 0.0003663263948300143, 0.00037002521827881555, 0.0003706806659268336, 0.00036823440074219724, 0.0003628202133266241, 0.0003547579029962215, 0.00034453553051817684, 0.00033278094434961464, 0.0003202241473927113, 0.00030765278867893407, 0.00029586344628848517, 0.00028561186378840404, 0.00027756544081340077, 0.0002722612380748542, 0.00027007264990361725, 0.00027118726629531635, 0.0002755978962539248, 0.00028310799469078823, 0.0002933513929725312, 0.00030582557802812273, 0.00031993634617214243, 0.00033505085983008364, 0.00035055504946363984, 0.0003659107536005668, 0.00038070771069856574, 0.0003947053179529973, 0.0004078595356800299, 0.00042033160275286436, 0.0004324756265020488, 0.0004448049034666411, 0.0004579374148803079, 0.00047252462725861554, 0.000489167944197947, 0.0005083308024218726, 0.0005302544957719168, 0.0005548871791369382, 0.0005818358676029564, 0.0006103492028397407, 0.0006393378597163424, 0.0006674359909743905, 0.0006931030002423539, 0.0007147604902513184, 0.0007309545601445545, 0.000740528538808207, 0.0007427882644272828, 0.0007376376705770483, 0.0007256646725411135, 0.0007081572363239551, 0.0006870363315095824, 0.0006646987941940919, 0.0006437756447534293, 0.0006268225120299861, 0.0006159724061828898, 0.000612593048460192, 0.0006169991869434088, 0.0006282727752252494, 0.0006442423279141897, 0.000661653858351353, 0.0006765494424072932, 0.0006848307360535187, 0.0006829548420543568, 0.000668664506049803, 0.0006416317885483891, 0.0006038672939054664, 0.0005597616464686701, 0.0005156586577996134, 0.0004789238566571424, 0.00045658204854851696, 0.0004537060307926164, 0.00047185896858972527, 0.0005079803037840134, 0.0005541154114018638, 0.0005983189702616844, 0.0006268448857565911, 0.0006274277718190637, 0.0005930683894305876, 0.0005253545298388112, 0.00043613994485475145, 0.0003464717103853495, 0.00028216701954603303, 0.0002664052229039398, 0.000310967308124405, 0.00040897729620285357, 0.0005325969693968232, 0.0006384415265066133, 0.0006811597928600225, 0.0006318373336131687, 0.0004939130019391347, 0.0003074410233567135, 0.00013520434563015868, 3.276357936542934e-05, 1.632910624768129e-05, 5.032277567269932e-05, 7.062499197448497e-05, 3.54110188168886e-05, -3.543250330147581e-05, -7.790765193960871e-05, -5.7562716190810516e-05, -2.029209152786656e-05, -3.256912549974962e-05, -6.831884342442509e-05, -4.726824111356355e-05, -1.3386889384382161e-05, -4.079815473456884e-05, 4.998113497504554e-06, 2.4819675298278533e-05, 7.688228321098416e-05, 0.00015901239221317626, 0.0003511546231126547, 0.0004809279315966273, 0.0018924531265523655, -0.0004172797663810315]

Start Time =17/05/2021 15:53:57
Stop Time =17/05/2021 16:04:07

